17  0.665140223005356910
# cycles taken = 1
engy = 0.000051339974486237
engy = 0.000030545235498194
engy = 0.000012529298274823
engy = 0.000010916351660965
engy = 0.000010156401662697
errAll = 0.042776258440540400
errAll = 0.028118289233663739
errAll = 0.039801316623066123
errAll = 0.009865702235175310
errAll = 0.006562075384808954
errorV = 0.006562075384808954
error0= 0.028118289233663739
RelaxTotal = 4.250
rho = errorV(Ncycles)/error0 = 0.233373920094424370
rho = rho^(1/Ncycles)=0.233373920094424370
