3  1.790916054645432400
# cycles taken = 1
engy = 0.000303430068736923
engy = 0.000024690425175147
errAll = 0.027174092724605421
errAll = 0.009248250738797306
errorV = 0.009248250738797306
error0= 0.011547005383792526
RelaxTotal = 1.250
rho = errorV(Ncycles)/error0 = 0.800922008036666240
rho = rho^(1/Ncycles)=0.800922008036666240
3  1.790916054645432400
# cycles taken = 1
engy = 0.000303430068736923
engy = 0.000024690425175147
errAll = 0.027174092724605421
errAll = 0.009248250738797306
errorV = 0.009248250738797306
error0= 0.011547005383792526
RelaxTotal = 1.250
rho = errorV(Ncycles)/error0 = 0.800922008036666240
rho = rho^(1/Ncycles)=0.800922008036666240
