dataExact = [-0.5     0.0;
-1/3     sqrt(3)/6;
-1/6     sqrt(3)/3;
 0.0     sqrt(3)/2;
 1/6     sqrt(3)/3;
 1/3     sqrt(3)/6;
 1/2     0.0;
 1/6     0.0;
-1/6     0.0;
-5/12    sqrt(3)/12;
-1/4     sqrt(3)/4;
-1/12    5*sqrt(3)/12;
 1/12    5*sqrt(3)/12;
 1/4     sqrt(3)/4;
 5/12    sqrt(3)/12;
 1/3     0;
 0       0;
 -1/3    0;
 -1/4    sqrt(3)/12;
 1/4     sqrt(3)/12;
 0       sqrt(3)/3;
 -1/12   sqrt(3)/12;
 -1/6    sqrt(3)/6;
 -1/12   sqrt(3)/4;
 1/12    sqrt(3)/4;
 1/6     sqrt(3)/6;
 1/12    sqrt(3)/12;
 0.0     sqrt(3)/6];

data = dataExact;
data(19:28,:)=[ -0.25   0.1443;
 0.25    0.2443;
 0       0.5774;
 -0.0833 0.1443;
 -0.2667 0.2887;
 -0.0833 0.533;
 0.0833  0.443;
 0.1867  0.2887;
 0.0833  0.2443;
 0.0     sqrt(3)/6];

